1 2 
2 3 
3 4 
5 
5 6 
7 

8 9 
10 
10 11 
11 
13 
13 14 
14 15 
15 16 
17 
18 
18 19 



node0
node_nb_delay-1,0:[32, 47, 70, 89];2,0:[27, 44];1,1:[32, 47, 70, 89];2,1:[27, 44];1,2:[32, 47, 70, 89];2,2:[27, 44];
node_nb_delay_pro-1,0:[0.5, 0.25, 0.125, 0.0625];2,0:[0.7, 0.21000000000000002];1,1:[0.5, 0.25, 0.125, 0.0625];2,1:[0.7, 0.21000000000000002];1,2:[0.5, 0.25, 0.125, 0.0625];2,2:[0.7, 0.21000000000000002];
all_worst-
min_worst-1000000;
node1
node_nb_delay-2,0:[31, 55, 73];3,0:[28, 37];2,1:[31, 55, 73];3,1:[28, 37];2,2:[31, 55, 73];3,2:[28, 37];
node_nb_delay_pro-2,0:[0.6, 0.24, 0.09600000000000002];3,0:[0.7, 0.21000000000000002];2,1:[0.6, 0.24, 0.09600000000000002];3,1:[0.7, 0.21000000000000002];2,2:[0.6, 0.24, 0.09600000000000002];3,2:[0.7, 0.21000000000000002];
all_worst-
min_worst-1000000;
node2
node_nb_delay-3,0:[31, 47, 60];4,0:[23, 49];3,1:[31, 47, 60];4,1:[23, 49];3,2:[31, 47, 60];4,2:[23, 49];
node_nb_delay_pro-3,0:[0.6, 0.24, 0.09600000000000002];4,0:[0.7, 0.21000000000000002];3,1:[0.6, 0.24, 0.09600000000000002];4,1:[0.7, 0.21000000000000002];3,2:[0.6, 0.24, 0.09600000000000002];4,2:[0.7, 0.21000000000000002];
all_worst-
min_worst-1000000;
node3
node_nb_delay-5,0:[34, 57, 86, 110];5,1:[34, 57, 86, 110];5,2:[34, 57, 86, 110];
node_nb_delay_pro-5,0:[0.5, 0.25, 0.125, 0.0625];5,1:[0.5, 0.25, 0.125, 0.0625];5,2:[0.5, 0.25, 0.125, 0.0625];
all_worst-
min_worst-1000000;
node4
node_nb_delay-5,0:[31, 62, 83, 112];6,0:[28, 52, 76];5,1:[31, 62, 83, 112];6,1:[28, 52, 76];5,2:[31, 62, 83, 112];6,2:[28, 52, 76];
node_nb_delay_pro-5,0:[0.5, 0.25, 0.125, 0.0625];6,0:[0.6, 0.24, 0.09600000000000002];5,1:[0.5, 0.25, 0.125, 0.0625];6,1:[0.6, 0.24, 0.09600000000000002];5,2:[0.5, 0.25, 0.125, 0.0625];6,2:[0.6, 0.24, 0.09600000000000002];
all_worst-
min_worst-1000000;
node5
node_nb_delay-7,0:[26, 35, 54];7,1:[26, 35, 54];7,2:[26, 35, 54];
node_nb_delay_pro-7,0:[0.6, 0.24, 0.09600000000000002];7,1:[0.6, 0.24, 0.09600000000000002];7,2:[0.6, 0.24, 0.09600000000000002];
all_worst-
min_worst-1000000;
node6
node_nb_delay-
node_nb_delay_pro-
all_worst-
min_worst-1000000;
node7
node_nb_delay-8,0:[21, 30];9,0:[34, 64, 87, 120];8,1:[21, 30];9,1:[34, 64, 87, 120];8,2:[21, 30];9,2:[34, 64, 87, 120];
node_nb_delay_pro-8,0:[0.7, 0.21000000000000002];9,0:[0.5, 0.25, 0.125, 0.0625];8,1:[0.7, 0.21000000000000002];9,1:[0.5, 0.25, 0.125, 0.0625];8,2:[0.7, 0.21000000000000002];9,2:[0.5, 0.25, 0.125, 0.0625];
all_worst-
min_worst-1000000;
node8
node_nb_delay-10,0:[20, 39, 52];10,1:[20, 39, 52];10,2:[20, 39, 52];
node_nb_delay_pro-10,0:[0.6, 0.24, 0.09600000000000002];10,1:[0.6, 0.24, 0.09600000000000002];10,2:[0.6, 0.24, 0.09600000000000002];
all_worst-
min_worst-1000000;
node9
node_nb_delay-10,0:[30, 44, 58, 78];11,0:[22, 38];10,1:[30, 44, 58, 78];11,1:[22, 38];10,2:[30, 44, 58, 78];11,2:[22, 38];
node_nb_delay_pro-10,0:[0.5, 0.25, 0.125, 0.0625];11,0:[0.7, 0.21000000000000002];10,1:[0.5, 0.25, 0.125, 0.0625];11,1:[0.7, 0.21000000000000002];10,2:[0.5, 0.25, 0.125, 0.0625];11,2:[0.7, 0.21000000000000002];
all_worst-
min_worst-1000000;
node10
node_nb_delay-11,0:[36, 53, 77, 101];11,1:[36, 53, 77, 101];11,2:[36, 53, 77, 101];
node_nb_delay_pro-11,0:[0.5, 0.25, 0.125, 0.0625];11,1:[0.5, 0.25, 0.125, 0.0625];11,2:[0.5, 0.25, 0.125, 0.0625];
all_worst-
min_worst-1000000;
node11
node_nb_delay-13,0:[26, 50, 71];13,1:[26, 50, 71];13,2:[26, 50, 71];
node_nb_delay_pro-13,0:[0.6, 0.24, 0.09600000000000002];13,1:[0.6, 0.24, 0.09600000000000002];13,2:[0.6, 0.24, 0.09600000000000002];
all_worst-
min_worst-1000000;
node12
node_nb_delay-
node_nb_delay_pro-
all_worst-
min_worst-1000000;
node13
node_nb_delay-14,0:[42, 69, 93, 121];15,0:[26, 44];14,1:[42, 69, 93, 121];15,1:[26, 44];14,2:[42, 69, 93, 121];15,2:[26, 44];
node_nb_delay_pro-14,0:[0.5, 0.25, 0.125, 0.0625];15,0:[0.7, 0.21000000000000002];14,1:[0.5, 0.25, 0.125, 0.0625];15,1:[0.7, 0.21000000000000002];14,2:[0.5, 0.25, 0.125, 0.0625];15,2:[0.7, 0.21000000000000002];
all_worst-
min_worst-1000000;
node14
node_nb_delay-15,0:[33, 55, 82, 110];16,0:[25, 39];15,1:[33, 55, 82, 110];16,1:[25, 39];15,2:[33, 55, 82, 110];16,2:[25, 39];
node_nb_delay_pro-15,0:[0.5, 0.25, 0.125, 0.0625];16,0:[0.7, 0.21000000000000002];15,1:[0.5, 0.25, 0.125, 0.0625];16,1:[0.7, 0.21000000000000002];15,2:[0.5, 0.25, 0.125, 0.0625];16,2:[0.7, 0.21000000000000002];
all_worst-
min_worst-1000000;
node15
node_nb_delay-17,0:[40, 62, 89, 116];17,1:[40, 62, 89, 116];17,2:[40, 62, 89, 116];
node_nb_delay_pro-17,0:[0.5, 0.25, 0.125, 0.0625];17,1:[0.5, 0.25, 0.125, 0.0625];17,2:[0.5, 0.25, 0.125, 0.0625];
all_worst-
min_worst-1000000;
node16
node_nb_delay-18,0:[26, 42];18,1:[26, 42];18,2:[26, 42];
node_nb_delay_pro-18,0:[0.7, 0.21000000000000002];18,1:[0.7, 0.21000000000000002];18,2:[0.7, 0.21000000000000002];
all_worst-
min_worst-1000000;
node17
node_nb_delay-18,0:[28, 54, 75, 90];19,0:[26, 41];18,1:[28, 54, 75, 90];19,1:[26, 41];18,2:[28, 54, 75, 90];19,2:[26, 41];
node_nb_delay_pro-18,0:[0.5, 0.25, 0.125, 0.0625];19,0:[0.7, 0.21000000000000002];18,1:[0.5, 0.25, 0.125, 0.0625];19,1:[0.7, 0.21000000000000002];18,2:[0.5, 0.25, 0.125, 0.0625];19,2:[0.7, 0.21000000000000002];
all_worst-
min_worst-1000000;
node18
node_nb_delay-
node_nb_delay_pro-
all_worst-
min_worst-1000000;
node19
node_nb_delay-
node_nb_delay_pro-
all_worst-
min_worst-1000000;