1113.9545454545455
1113.9545454545455
1066.3636363636363
1066.3636363636363
1066.3636363636363
1176.2272727272727
1176.2272727272727
1176.2272727272727
1145.3846153846155
1145.3846153846155
1145.3846153846155
1145.3846153846155
1145.3846153846155
1096.3846153846155
1081.8846153846155
1081.8846153846155
1123.1923076923076
1123.1923076923076
1123.1923076923076
1145.3846153846155
1145.3846153846155
1145.3846153846155
1145.3846153846155
1121.2264150943397
1121.2264150943397
1106.0754716981132
1106.0754716981132
1106.0754716981132
1106.0754716981132
1106.0754716981132
1106.0754716981132
1106.0754716981132
1106.0754716981132
1147.5283018867924
1147.5283018867924
1147.5283018867924
1147.5283018867924
1147.5283018867924
1147.5283018867924
1147.5283018867924
1147.5283018867924
1147.5283018867924
1147.5283018867924
1147.5283018867924
1147.5283018867924
1147.5283018867924
1147.5283018867924
1106.0754716981132
1106.0754716981132
1106.0754716981132
1106.0754716981132
1081.8846153846155
1081.8846153846155
1081.8846153846155
1019.8846153846154
1019.8846153846154
1019.8846153846154
1019.8846153846154
1019.8846153846154
1096.3846153846155
1096.3846153846155
1096.3846153846155
1019.8846153846154
1019.8846153846154
1019.8846153846154
1019.8846153846154
1019.8846153846154
1019.8846153846154
1019.8846153846154
1019.8846153846154
1019.8846153846154
1019.8846153846154
1019.8846153846154
1019.8846153846154
1019.8846153846154
1019.8846153846154
1019.8846153846154
1019.8846153846154
1019.8846153846154
1019.8846153846154
1019.8846153846154
1019.8846153846154
1019.8846153846154
1019.8846153846154
1019.8846153846154
1019.8846153846154
1019.8846153846154
1019.8846153846154
1019.8846153846154
1019.8846153846154
1019.8846153846154
1046.3207547169811
1046.3207547169811
1046.3207547169811
1046.3207547169811
1046.3207547169811
1046.3207547169811
1046.3207547169811
1046.3207547169811
1046.3207547169811
1046.3207547169811
1046.3207547169811
1046.3207547169811
1046.3207547169811
1046.3207547169811
1046.3207547169811
1046.3207547169811
1046.3207547169811
1046.3207547169811
1046.3207547169811
1046.3207547169811
1146.5
1146.5
1146.5
1146.5
1146.5
1146.5
1146.5
1146.5
1146.5
1146.5
1146.5
1146.5
1146.5
1146.5
1146.5
1146.5
1146.5
1146.5
1146.5
1146.5
1146.5
1146.5
1146.5
1146.5
1046.3207547169811
1046.3207547169811
1046.3207547169811
1046.3207547169811
1046.3207547169811
1046.3207547169811
1046.3207547169811
1046.3207547169811
1046.3207547169811
1046.3207547169811
1046.3207547169811
1046.3207547169811
1046.3207547169811
1046.3207547169811
1046.3207547169811
1046.3207547169811
1046.3207547169811
1046.3207547169811
1046.3207547169811
1046.3207547169811
1046.3207547169811
1046.3207547169811
1046.3207547169811
1046.3207547169811
1046.3207547169811
1046.3207547169811
1046.3207547169811
1046.3207547169811
1046.3207547169811
1046.3207547169811
1046.3207547169811
1046.3207547169811
1046.3207547169811
1046.3207547169811
1046.3207547169811
1046.3207547169811
1046.3207547169811
1046.3207547169811
1046.3207547169811
1046.3207547169811
1046.3207547169811
1046.3207547169811
1046.3207547169811
1046.3207547169811
1046.3207547169811
1046.3207547169811
1046.3207547169811
1046.3207547169811
1046.3207547169811
1046.3207547169811
1046.3207547169811
1046.3207547169811
1046.3207547169811
1046.3207547169811
1046.3207547169811
1046.3207547169811
1046.3207547169811
1046.3207547169811
1106.0754716981132
1046.3207547169811
1046.3207547169811
1046.3207547169811
1046.3207547169811
1046.3207547169811
1106.0754716981132
1106.0754716981132
1106.0754716981132
1106.0754716981132
1106.0754716981132
1106.0754716981132
1106.0754716981132
1046.3207547169811
1046.3207547169811
1106.0754716981132
1106.0754716981132
1106.0754716981132
1046.3207547169811
1046.3207547169811
1046.3207547169811
1046.3207547169811
1046.3207547169811
1046.3207547169811
1106.0754716981132
1106.0754716981132
1106.0754716981132
1106.0754716981132
1046.3207547169811
1046.3207547169811
1046.3207547169811
1046.3207547169811
1046.3207547169811
1046.3207547169811
1046.3207547169811
1046.3207547169811
1046.3207547169811
1046.3207547169811
1046.3207547169811
1046.3207547169811
1046.3207547169811
1046.3207547169811
1046.3207547169811
1046.3207547169811
1046.3207547169811
1046.3207547169811
1046.3207547169811
1046.3207547169811
1046.3207547169811
1046.3207547169811
1046.3207547169811
1046.3207547169811
1046.3207547169811
1046.3207547169811
1046.3207547169811
1046.3207547169811
1046.3207547169811
1046.3207547169811
1046.3207547169811
1046.3207547169811
1046.3207547169811
1046.3207547169811
1046.3207547169811
1046.3207547169811
1046.3207547169811
1046.3207547169811
1046.3207547169811
1046.3207547169811
1046.3207547169811
1046.3207547169811
1046.3207547169811
1046.3207547169811
1046.3207547169811
1046.3207547169811
1046.3207547169811
1046.3207547169811
1046.3207547169811
1046.3207547169811
1046.3207547169811
1046.3207547169811
1046.3207547169811
1046.3207547169811
1046.3207547169811
1046.3207547169811
1046.3207547169811
1046.3207547169811
1046.3207547169811
1046.3207547169811
1046.3207547169811
1046.3207547169811
1046.3207547169811
1046.3207547169811
1046.3207547169811
1046.3207547169811
1046.3207547169811
1046.3207547169811
1046.3207547169811
1046.3207547169811
1046.3207547169811
1046.3207547169811
1046.3207547169811
1046.3207547169811
1046.3207547169811
1046.3207547169811
1046.3207547169811
1046.3207547169811
1046.3207547169811
1046.3207547169811
1046.3207547169811
1046.3207547169811
1046.3207547169811
1046.3207547169811
1046.3207547169811
1046.3207547169811
1046.3207547169811
1046.3207547169811
1046.3207547169811
1046.3207547169811
1046.3207547169811
1046.3207547169811
1046.3207547169811
1046.3207547169811
1046.3207547169811
1046.3207547169811
1046.3207547169811
1046.3207547169811
1046.3207547169811
1046.3207547169811
1046.3207547169811
1046.3207547169811
1046.3207547169811
1046.3207547169811
1106.0754716981132
1106.0754716981132
1106.0754716981132
1106.0754716981132
1046.3207547169811
1019.8846153846154
1019.8846153846154
1019.8846153846154
1019.8846153846154
1019.8846153846154
1019.8846153846154
1019.8846153846154
1019.8846153846154
1019.8846153846154
1019.8846153846154
1019.8846153846154
1019.8846153846154
1019.8846153846154
1019.8846153846154
1019.8846153846154
1019.8846153846154
1019.8846153846154
1019.8846153846154
1019.8846153846154
1019.8846153846154
1019.8846153846154
1019.8846153846154
1019.8846153846154
1019.8846153846154
1019.8846153846154
1019.8846153846154
1019.8846153846154
1019.8846153846154
1019.8846153846154
1019.8846153846154
1019.8846153846154
1019.8846153846154
1019.8846153846154
1019.8846153846154
1019.8846153846154
1019.8846153846154
1019.8846153846154
1019.8846153846154
1019.8846153846154
1019.8846153846154
1019.8846153846154
1019.8846153846154
1019.8846153846154
1019.8846153846154
1019.8846153846154
1019.8846153846154
1019.8846153846154
1019.8846153846154
1019.8846153846154
1019.8846153846154
1019.8846153846154
1019.8846153846154
1019.8846153846154
1019.8846153846154
1019.8846153846154
1019.8846153846154
1046.3207547169811
1046.3207547169811
1046.3207547169811
1046.3207547169811
1046.3207547169811
1031.648148148148
1019.8846153846154
1019.8846153846154
1019.8846153846154
1019.8846153846154
1019.8846153846154
1019.8846153846154
1019.8846153846154
1019.8846153846154
1019.8846153846154
1019.8846153846154
1019.8846153846154
1019.8846153846154
1019.8846153846154
1019.8846153846154
1019.8846153846154
1019.8846153846154
1019.8846153846154
1019.8846153846154
1019.8846153846154
1019.8846153846154
1019.8846153846154
1019.8846153846154
1019.8846153846154
1019.8846153846154
1019.8846153846154
1019.8846153846154
1019.8846153846154
1019.8846153846154
1019.8846153846154
1019.8846153846154
1019.8846153846154
1019.8846153846154
1019.8846153846154
1019.8846153846154
1019.8846153846154
1019.8846153846154
1019.8846153846154
1019.8846153846154
1019.8846153846154
1032.037037037037
1046.3207547169811
1046.3207547169811
1046.3207547169811
1046.3207547169811
1046.3207547169811
1046.3207547169811
1019.8846153846154
1019.8846153846154
1019.8846153846154
1019.8846153846154
1019.8846153846154
1019.8846153846154
1019.8846153846154
1019.8846153846154
1019.8846153846154
1019.8846153846154
1019.8846153846154
1019.8846153846154
1019.8846153846154
1019.8846153846154
1019.8846153846154
1019.8846153846154
1019.8846153846154
1019.8846153846154
1019.8846153846154
1019.8846153846154
1019.8846153846154
1019.8846153846154
1019.8846153846154
1019.8846153846154
1019.8846153846154
1019.8846153846154
1032.2777777777778
1046.3207547169811
1046.3207547169811
1046.3207547169811
1046.3207547169811
1046.3207547169811
1046.3207547169811
1046.3207547169811
1046.3207547169811
1046.3207547169811
1046.3207547169811
1046.3207547169811
1046.3207547169811
1046.3207547169811
1046.3207547169811
1046.3207547169811
1046.3207547169811
1032.4444444444443
1019.8846153846154
1019.8846153846154
1019.8846153846154
1032.7592592592594
1046.3207547169811
1046.3207547169811
1046.3207547169811
1046.3207547169811
1046.3207547169811
1046.3207547169811
1046.3207547169811
1046.3207547169811
1046.3207547169811
1046.3207547169811
1046.3207547169811
1032.037037037037
1019.8846153846154
1019.8846153846154
1019.8846153846154
1019.8846153846154
1019.8846153846154
1019.8846153846154
1019.8846153846154
1019.8846153846154
1019.8846153846154
1019.8846153846154
1019.8846153846154
1019.8846153846154
1019.8846153846154
1019.8846153846154
1019.8846153846154
1019.8846153846154
1019.8846153846154
1032.7592592592594
1032.2777777777778
1019.8846153846154
1019.8846153846154
1019.8846153846154
1019.8846153846154
1019.8846153846154
1033.0
1032.7592592592594
1006.2884615384615
1019.8846153846154
1019.8846153846154
1019.8846153846154
1032.2777777777778
1032.037037037037
1019.8846153846154
1019.8846153846154
1019.8846153846154
1019.8846153846154
1019.8846153846154
1019.8846153846154
1019.8846153846154
1019.8846153846154
1019.8846153846154
1019.8846153846154
1019.8846153846154
1019.8846153846154
1019.8846153846154
1019.8846153846154
1019.8846153846154
1019.8846153846154
1019.8846153846154
1019.8846153846154
1019.8846153846154
1032.2777777777778
1046.3207547169811
1046.3207547169811
1046.3207547169811
1046.3207547169811
1046.3207547169811
1046.3207547169811
1046.3207547169811
1046.3207547169811
1046.3207547169811
1046.3207547169811
2353.020202020202
2356.242424242424
2372.5050505050503
2375.5555555555557
2432.5151515151515
2397.949494949495
2397.949494949495
2397.949494949495
2397.949494949495
2397.949494949495
2397.949494949495
2397.949494949495
2347.949494949495
2347.949494949495
2347.949494949495
2347.949494949495
2347.949494949495
2347.949494949495
2347.949494949495
2408.4949494949497
2389.6969696969695
2389.6969696969695
2389.6969696969695
2389.6969696969695
2389.6969696969695
2055.757575757576
2055.757575757576
2055.757575757576
2055.757575757576
2055.757575757576
2044.6868686868686
2044.6868686868686
2044.6868686868686
2087.222222222222
2344.3636363636365
2344.3636363636365
2344.3636363636365
2344.3636363636365
2344.3636363636365
2344.3636363636365
2344.3636363636365
2344.3636363636365
2344.3636363636365
2344.3636363636365
2295.3636363636365
2295.3636363636365
2295.3636363636365
2295.3636363636365
2295.3636363636365
2295.3636363636365
2295.3636363636365
2295.3636363636365
2295.3636363636365
2295.3636363636365
2295.3636363636365
2295.3636363636365
2217.6060606060605
2038.2222222222222
2038.2222222222222
2038.2222222222222
2038.2222222222222
2038.2222222222222
2038.2222222222222
2038.2222222222222
2038.2222222222222
2038.2222222222222
2038.2222222222222
2038.2222222222222
2038.2222222222222
2038.2222222222222
2038.2222222222222
2038.2222222222222
2038.2222222222222
2038.2222222222222
2038.2222222222222
2038.2222222222222
2038.2222222222222
2038.2222222222222
2038.2222222222222
2038.2222222222222
2038.2222222222222
2038.2222222222222
2038.2222222222222
2038.2222222222222
2038.2222222222222
2038.2222222222222
2038.2222222222222
2038.2222222222222
2038.2222222222222
2038.2222222222222
2038.2222222222222
2038.2222222222222
2038.2222222222222
2038.2222222222222
2038.2222222222222
2038.2222222222222
2038.2222222222222
2038.2222222222222
2038.2222222222222
2038.2222222222222
2038.2222222222222
2038.2222222222222
2038.2222222222222
2038.2222222222222
2038.2222222222222
2038.2222222222222
2038.2222222222222
2038.2222222222222
2038.2222222222222
2038.2222222222222
2038.2222222222222
2038.2222222222222
2038.2222222222222
2038.2222222222222
2038.2222222222222
2038.2222222222222
2038.2222222222222
2038.2222222222222
2038.2222222222222
2038.2222222222222
2038.2222222222222
2038.2222222222222
2038.2222222222222
2038.2222222222222
2038.2222222222222
2038.2222222222222
2038.2222222222222
2038.2222222222222
2038.2222222222222
2038.2222222222222
2038.2222222222222
2038.2222222222222
2038.2222222222222
2038.2222222222222
2038.2222222222222
2038.2222222222222
2038.2222222222222
2038.2222222222222
2038.2222222222222
2038.2222222222222
2038.2222222222222
2038.2222222222222
2038.2222222222222
2038.2222222222222
2038.2222222222222
2038.2222222222222
2038.2222222222222
2038.2222222222222
2038.2222222222222
2038.2222222222222
2038.2222222222222
2038.2222222222222
2038.2222222222222
2038.2222222222222
2038.2222222222222
2038.2222222222222
2038.2222222222222
2038.2222222222222
2038.2222222222222
2038.2222222222222
2038.2222222222222
2038.2222222222222
2038.2222222222222
2038.2222222222222
2038.2222222222222
2038.2222222222222
2038.2222222222222
2038.2222222222222
2038.2222222222222
2038.2222222222222
2038.2222222222222
2038.2222222222222
2038.2222222222222
2038.2222222222222
2038.2222222222222
2038.2222222222222
2038.2222222222222
2038.2222222222222
2038.2222222222222
2038.2222222222222
2038.2222222222222
2038.2222222222222
2038.2222222222222
2038.2222222222222
2038.2222222222222
2038.2222222222222
2038.2222222222222
2038.2222222222222
2038.2222222222222
2038.2222222222222
2038.2222222222222
2038.2222222222222
2038.2222222222222
2038.2222222222222
2038.2222222222222
2038.2222222222222
2038.2222222222222
2038.2222222222222
2038.2222222222222
2038.2222222222222
2038.2222222222222
2038.2222222222222
2038.2222222222222
2038.2222222222222
2038.2222222222222
2038.2222222222222
2038.2222222222222
2038.2222222222222
2038.2222222222222
2038.2222222222222
2038.2222222222222
2038.2222222222222
2038.2222222222222
2038.2222222222222
2038.2222222222222
2038.2222222222222
2038.2222222222222
2038.2222222222222
2038.2222222222222
2038.2222222222222
2038.2222222222222
2038.2222222222222
2038.2222222222222
2038.2222222222222
2038.2222222222222
2038.2222222222222
2038.2222222222222
2038.2222222222222
2038.2222222222222
2038.2222222222222
2038.2222222222222
2038.2222222222222
2038.2222222222222
2038.2222222222222
2038.2222222222222
2038.2222222222222
2038.2222222222222
2038.2222222222222
2034.6666666666667
1995.6868686868686
1995.6868686868686
1995.6868686868686
2038.2222222222222
2038.2222222222222
2038.2222222222222
2038.2222222222222
2038.2222222222222
2038.2222222222222
2038.2222222222222
1995.6868686868686
1995.6868686868686
1995.6868686868686
1995.6868686868686
1995.6868686868686
1995.6868686868686
1995.6868686868686
1995.6868686868686
1995.6868686868686
1995.6868686868686
1995.6868686868686
1995.6868686868686
1995.6868686868686
1995.6868686868686
1995.6868686868686
1995.6868686868686
1995.6868686868686
1995.6868686868686
1995.6868686868686
1995.6868686868686
1995.6868686868686
1995.6868686868686
1995.6868686868686
1995.6868686868686
1995.6868686868686
1995.6868686868686
1995.6868686868686
1995.6868686868686
1995.6868686868686
1995.6868686868686
1995.6868686868686
1995.6868686868686
1995.6868686868686
1995.6868686868686
1994.6868686868686
1994.6868686868686
1994.6868686868686
1994.6868686868686
1994.6868686868686
1994.6868686868686
1994.6868686868686
1994.6868686868686
1994.6868686868686
1994.6868686868686
1994.6868686868686
1994.6868686868686
1994.6868686868686
1994.6868686868686
1994.6868686868686
1994.6868686868686
1994.6868686868686
1994.6868686868686
1994.6868686868686
1994.6868686868686
1994.6868686868686
1994.6868686868686
1994.6868686868686
1994.6868686868686
1994.6868686868686
1994.6868686868686
1994.6868686868686
1994.6868686868686
1994.6868686868686
1994.6868686868686
1994.6868686868686
1994.6868686868686
1994.6868686868686
1994.6868686868686
1994.6868686868686
1994.6868686868686
1994.6868686868686
1994.6868686868686
1994.6868686868686
1994.6868686868686
1994.6868686868686
1994.6868686868686
1994.6868686868686
1994.6868686868686
1994.6868686868686
1994.6868686868686
1994.6868686868686
1994.6868686868686
1994.6868686868686
1994.6868686868686
1994.6868686868686
1994.6868686868686
1994.6868686868686
1994.6868686868686
1994.6868686868686
1994.6868686868686
1994.6868686868686
1994.6868686868686
1994.6868686868686
1994.6868686868686
1994.6868686868686
1994.6868686868686
1994.6868686868686
1994.6868686868686
1994.6868686868686
1994.6868686868686
1994.6868686868686
1994.6868686868686
1994.6868686868686
1994.6868686868686
1994.6868686868686
1994.6868686868686
1994.6868686868686
1994.6868686868686
1994.6868686868686
1994.6868686868686
1994.6868686868686
1994.6868686868686
1994.6868686868686
1994.6868686868686
1994.6868686868686
1994.6868686868686
1994.6868686868686
1994.6868686868686
1994.6868686868686
1994.6868686868686
1994.6868686868686
1994.6868686868686
1994.6868686868686
1994.6868686868686
1994.6868686868686
1994.6868686868686
1994.6868686868686
1994.6868686868686
1994.6868686868686
1994.6868686868686
1994.6868686868686
1994.6868686868686
1994.6868686868686
1994.6868686868686
1994.6868686868686
1994.6868686868686
2179.656565656566
2252.6161616161617
2252.6161616161617
2252.6161616161617
2252.6161616161617
2252.6161616161617
2294.3636363636365
2294.3636363636365
2294.3636363636365
2294.3636363636365
2294.3636363636365
2294.3636363636365
2294.3636363636365
2294.3636363636365
2252.6161616161617
2252.6161616161617
2252.6161616161617
2252.6161616161617
2252.6161616161617
2252.6161616161617
2252.6161616161617
2252.6161616161617
2252.6161616161617
2252.6161616161617
2252.6161616161617
2252.6161616161617
2252.6161616161617
2252.6161616161617
2252.6161616161617
2252.6161616161617
2252.6161616161617
2252.6161616161617
2252.6161616161617
2252.6161616161617
2252.6161616161617
2252.6161616161617
2252.6161616161617
2252.6161616161617
2253.6161616161617
2253.6161616161617
2253.6161616161617
2253.6161616161617
2253.6161616161617
2253.6161616161617
2253.6161616161617
2295.3636363636365
2294.3636363636365
2294.3636363636365
2294.3636363636365
2294.3636363636365
2294.3636363636365
2294.3636363636365
2294.3636363636365
2294.3636363636365
2252.6161616161617
2252.6161616161617
2253.6161616161617
2253.6161616161617
2253.6161616161617
2253.6161616161617
2253.6161616161617
2253.6161616161617
2253.6161616161617
2253.6161616161617
2253.6161616161617
2253.6161616161617
2295.3636363636365
2295.3636363636365
2295.3636363636365
2295.3636363636365
2294.3636363636365
2294.3636363636365
2294.3636363636365
2294.3636363636365
2294.3636363636365
2294.3636363636365
2294.3636363636365
2294.3636363636365
2294.3636363636365
2294.3636363636365
2294.3636363636365
2294.3636363636365
2294.3636363636365
2294.3636363636365
2294.3636363636365
2294.3636363636365
2294.3636363636365
2294.3636363636365
2294.3636363636365
2294.3636363636365
2294.3636363636365
2294.3636363636365
2294.3636363636365
2294.3636363636365
2294.3636363636365
2294.3636363636365
2294.3636363636365
2295.3636363636365
2295.3636363636365
2295.3636363636365
2295.3636363636365
2295.3636363636365
2295.3636363636365
2295.3636363636365
2295.3636363636365
2295.3636363636365
2295.3636363636365
2295.3636363636365
2295.3636363636365
2295.3636363636365
2295.3636363636365
2295.3636363636365
2295.3636363636365
2295.3636363636365
2295.3636363636365
2295.3636363636365
2295.3636363636365
2295.3636363636365
2295.3636363636365
2295.3636363636365
2295.3636363636365
2295.3636363636365
2295.3636363636365
2295.3636363636365
2295.3636363636365
2295.3636363636365
2295.3636363636365
2295.3636363636365
2295.3636363636365
2295.3636363636365
2295.3636363636365
2295.3636363636365
2295.3636363636365
2295.3636363636365
2295.3636363636365
2295.3636363636365
2295.3636363636365
2295.3636363636365
2253.6161616161617
2253.6161616161617
2253.6161616161617
2253.6161616161617
2253.6161616161617
2253.6161616161617
2253.6161616161617
2295.3636363636365
2294.3636363636365
2294.3636363636365
2294.3636363636365
2294.3636363636365
2294.3636363636365
2294.3636363636365
2294.3636363636365
2294.3636363636365
2294.3636363636365
2294.3636363636365
2294.3636363636365
2294.3636363636365
2295.3636363636365
2253.6161616161617
2253.6161616161617
2253.6161616161617
2253.6161616161617
2253.6161616161617
2253.6161616161617
2253.6161616161617
2253.6161616161617
2253.6161616161617
2253.6161616161617
2253.6161616161617
2253.6161616161617
2253.6161616161617
2295.3636363636365
2295.3636363636365
2295.3636363636365
2294.3636363636365
2294.3636363636365
2294.3636363636365
2294.3636363636365
2295.3636363636365
2295.3636363636365
2295.3636363636365
2294.3636363636365
2294.3636363636365
2294.3636363636365
2294.3636363636365
2294.3636363636365
2294.3636363636365
2294.3636363636365
2294.3636363636365
2294.3636363636365
2294.3636363636365
2294.3636363636365
2294.3636363636365
2294.3636363636365
2294.3636363636365
2294.3636363636365
2294.3636363636365
2252.6161616161617
2252.6161616161617
2252.6161616161617
2252.6161616161617
2252.6161616161617
2252.6161616161617
2252.6161616161617
2252.6161616161617
2294.3636363636365
2294.3636363636365
2294.3636363636365
2294.3636363636365
2294.3636363636365
2294.3636363636365
2294.3636363636365
2294.3636363636365
2294.3636363636365
2294.3636363636365
2294.3636363636365
2294.3636363636365
2294.3636363636365
2294.3636363636365
2294.3636363636365
2252.6161616161617
2252.6161616161617
2252.6161616161617
2252.6161616161617
2294.3636363636365
2252.6161616161617
2190.8282828282827
2219.3838383838383
2037.2222222222222
1995.6868686868686
1995.6868686868686
1995.6868686868686
1995.6868686868686
1995.6868686868686
2038.2222222222222
2038.2222222222222
2038.2222222222222
1995.6868686868686
1995.6868686868686
1995.6868686868686
1995.6868686868686
1995.6868686868686
1995.6868686868686
1995.6868686868686
2037.2222222222222
2037.2222222222222
2037.2222222222222
2037.2222222222222
2037.2222222222222
2037.2222222222222
2037.2222222222222
2038.1616161616162
2038.2222222222222
2038.2222222222222
2038.2222222222222
2038.2222222222222
2038.2222222222222
2038.2222222222222
2038.2222222222222
2038.2222222222222
2038.2222222222222
2038.2222222222222
2038.2222222222222
2038.2222222222222
2038.2222222222222
2038.2222222222222
2038.2222222222222
2038.2222222222222
2038.2222222222222
2038.2222222222222
2038.2222222222222
2038.2222222222222
2038.2222222222222
2038.2222222222222
2038.2222222222222
2037.2222222222222
2037.2222222222222
2037.2222222222222
2037.2222222222222
2037.2222222222222
2037.2222222222222
2037.2222222222222
2037.2222222222222
2037.2222222222222
2037.2222222222222
2037.2222222222222
2037.2222222222222
2037.2222222222222
2038.2222222222222
2038.2222222222222
2038.2222222222222
2038.2222222222222
2038.2222222222222
2038.2222222222222
2038.2222222222222
2038.2222222222222
2038.2222222222222
2038.2222222222222
2038.2222222222222
2038.2222222222222
2038.2222222222222
2038.2222222222222
2038.2222222222222
2038.2222222222222
2038.2222222222222
2038.2222222222222
2038.2222222222222
2038.2222222222222
2038.2222222222222
2038.2222222222222
2038.2222222222222
2038.2222222222222
2038.2222222222222
2038.2222222222222
2038.2222222222222
2038.2222222222222
2038.2222222222222
2038.2222222222222
2038.2222222222222
2038.2222222222222
2037.2222222222222
2038.2222222222222
2038.2222222222222
2038.2222222222222
2038.2222222222222
2038.2222222222222
2038.2222222222222
2038.2222222222222
2038.2222222222222
2038.2222222222222
2038.2222222222222
2038.2222222222222
2037.2222222222222
2037.2222222222222
2037.2222222222222
2038.2222222222222
2038.2222222222222
2038.2222222222222
2038.2222222222222
2038.2222222222222
2038.2222222222222
2038.2222222222222
2037.2222222222222
2038.2222222222222
2038.2222222222222
2038.2222222222222
2038.2222222222222
2038.2222222222222
2038.2222222222222
2038.2222222222222
2038.2222222222222
2038.2222222222222
2038.2222222222222
2038.2222222222222
2038.2222222222222
2038.2222222222222
2038.2222222222222
2038.2222222222222
2038.2222222222222
2038.2222222222222
1995.6868686868686
1995.6868686868686
1995.6868686868686
1995.6868686868686
1995.6868686868686
2038.2222222222222
2038.2222222222222
2038.2222222222222
2038.2222222222222
2038.2222222222222
2038.2222222222222
2038.2222222222222
2038.2222222222222
2038.2222222222222
2038.2222222222222
2038.2222222222222
2038.2222222222222
2038.2222222222222
2038.2222222222222
2038.2222222222222
2038.2222222222222
2038.2222222222222
2038.2222222222222
2038.2222222222222
2038.2222222222222
2038.2222222222222
2038.2222222222222
2038.2222222222222
2038.2222222222222
2038.2222222222222
2038.2222222222222
2038.2222222222222
2038.2222222222222
2038.2222222222222
2038.2222222222222
2038.2222222222222
2038.2222222222222
2038.2222222222222
2038.2222222222222
2038.2222222222222
2038.2222222222222
2038.2222222222222
2038.2222222222222
2038.2222222222222
2038.2222222222222
2038.2222222222222
2038.2222222222222
2038.2222222222222
2038.2222222222222
2038.2222222222222
2038.2222222222222
2038.2222222222222
2038.2222222222222
2038.2222222222222
2038.2222222222222
2038.2222222222222
2038.2222222222222
2038.2222222222222
2038.2222222222222
2038.2222222222222
2038.2222222222222
2038.2222222222222
2038.2222222222222
2038.2222222222222
2038.2222222222222
2038.2222222222222
2038.2222222222222
2038.2222222222222
2038.2222222222222
2038.2222222222222
1995.6868686868686
1995.6868686868686
1995.6868686868686
1995.6868686868686
2387.252525252525
2361.010101010101
2410.010101010101
2410.010101010101
2469.5050505050503
2469.5050505050503
2419.5050505050503
2408.4949494949497
2055.757575757576
2055.757575757576
2055.757575757576
2055.757575757576
2055.757575757576
2055.757575757576
2055.757575757576
2055.757575757576
2055.757575757576
2037.2222222222222
2037.2222222222222
2037.2222222222222
2037.2222222222222
2037.2222222222222
2087.222222222222
2087.222222222222
2087.222222222222
2087.222222222222
2044.6868686868686
2105.757575757576
2105.757575757576
2363.161616161616
2344.3636363636365
2344.3636363636365
2344.3636363636365
2344.3636363636365
2344.3636363636365
2344.3636363636365
2294.3636363636365
2294.3636363636365
2294.3636363636365
2294.3636363636365
2294.3636363636365
2294.3636363636365
2294.3636363636365
2294.3636363636365
2294.3636363636365
2294.3636363636365
2295.3636363636365
2295.3636363636365
2295.3636363636365
2295.3636363636365
2295.3636363636365
2295.3636363636365
2295.3636363636365
2295.3636363636365
2295.3636363636365
2295.3636363636365
2295.3636363636365
2295.3636363636365
2295.3636363636365
2295.3636363636365
2295.3636363636365
2295.3636363636365
2295.3636363636365
2295.3636363636365
2295.3636363636365
2295.3636363636365
2295.3636363636365
2295.3636363636365
2295.3636363636365
2295.3636363636365
2295.3636363636365
2295.3636363636365
2295.3636363636365
2295.3636363636365
2295.3636363636365
2295.3636363636365
2295.3636363636365
2295.3636363636365
2295.3636363636365
2295.3636363636365
2295.3636363636365
2295.3636363636365
2253.6161616161617
2253.6161616161617
2253.6161616161617
2253.6161616161617
2209.242424242424
2004.7373737373737
2004.7373737373737
2004.7373737373737
2004.7373737373737
2004.7373737373737
2004.7373737373737
2004.7373737373737
2004.7373737373737
2004.7373737373737
2004.7373737373737
2004.7373737373737
2004.7373737373737
2004.7373737373737
2004.7373737373737
2004.7373737373737
2004.7373737373737
2004.7373737373737
2004.7373737373737
2004.7373737373737
2004.7373737373737
2004.7373737373737
2004.7373737373737
2004.7373737373737
2004.7373737373737
2004.7373737373737
2003.7373737373737
2003.7373737373737
2003.7373737373737
2003.7373737373737
2003.7373737373737
2003.7373737373737
2003.7373737373737
2003.7373737373737
2003.7373737373737
2003.7373737373737
2003.7373737373737
2003.7373737373737
2003.7373737373737
2003.7373737373737
2003.7373737373737
2003.7373737373737
2003.7373737373737
2003.7373737373737
2003.7373737373737
2003.7373737373737
2003.7373737373737
2003.7373737373737
2004.7373737373737
2004.7373737373737
2004.7373737373737
2004.7373737373737
2003.7373737373737
2003.7373737373737
2003.7373737373737
2003.7373737373737
2003.7373737373737
2003.7373737373737
2003.7373737373737
2003.7373737373737
2003.7373737373737
2003.7373737373737
2003.7373737373737
2003.7373737373737
2003.7373737373737
2003.7373737373737
2003.7373737373737
2003.7373737373737
2045.4848484848485
2045.4848484848485
2045.4848484848485
2045.4848484848485
2045.4848484848485
2045.4848484848485
2045.4848484848485
2045.4848484848485
2046.4848484848485
2046.4848484848485
2046.4848484848485
2046.4848484848485
2046.4848484848485
2295.3636363636365
2295.3636363636365
2295.3636363636365
2295.3636363636365
2295.3636363636365
2295.3636363636365
2295.3636363636365
2295.3636363636365
2295.3636363636365
2295.3636363636365
2295.3636363636365
2295.3636363636365
2295.3636363636365
2295.3636363636365
2295.3636363636365
2295.3636363636365
2295.3636363636365
2295.3636363636365
2295.3636363636365
2295.3636363636365
2295.3636363636365
2295.3636363636365
2295.3636363636365
2295.3636363636365
2295.3636363636365
2295.3636363636365
2295.3636363636365
2295.3636363636365
2295.3636363636365
2295.3636363636365
2295.3636363636365
2295.3636363636365
2295.3636363636365
2295.3636363636365
2295.3636363636365
2295.3636363636365
2295.3636363636365
2295.3636363636365
2295.3636363636365
2294.3636363636365
2294.3636363636365
2294.3636363636365
2294.3636363636365
2294.3636363636365
2294.3636363636365
2294.3636363636365
2294.3636363636365
2294.3636363636365
2294.3636363636365
2294.3636363636365
2294.3636363636365
2294.3636363636365
2294.3636363636365
2294.3636363636365
2294.3636363636365
2294.3636363636365
2294.3636363636365
2294.3636363636365
2294.3636363636365
2294.3636363636365
2294.3636363636365
2294.3636363636365
2294.3636363636365
2294.3636363636365
2295.3636363636365
2295.3636363636365
2295.3636363636365
2295.3636363636365
2295.3636363636365
2295.3636363636365
2295.3636363636365
2295.3636363636365
2295.3636363636365
2295.3636363636365
2294.3636363636365
2295.3636363636365
2295.3636363636365
2295.3636363636365
2295.3636363636365
2295.3636363636365
2294.3636363636365
2294.3636363636365
2294.3636363636365
2294.3636363636365
2294.3636363636365
2294.3636363636365
2294.3636363636365
2294.3636363636365
2295.3636363636365
2295.3636363636365
2295.3636363636365
2295.3636363636365
2295.3636363636365
2295.3636363636365
2295.3636363636365
2295.3636363636365
2295.3636363636365
2295.3636363636365
2295.3636363636365
2295.3636363636365
2295.3636363636365
2295.3636363636365
2294.3636363636365
2294.3636363636365
2295.3636363636365
2295.3636363636365
2295.3636363636365
2295.3636363636365
2295.3636363636365
2294.3636363636365
2294.3636363636365
2294.3636363636365
2294.3636363636365
2294.3636363636365
2294.3636363636365
2294.3636363636365
2294.3636363636365
2294.3636363636365
2294.3636363636365
2294.3636363636365
2294.3636363636365
2294.3636363636365
2295.3636363636365
2295.3636363636365
2295.3636363636365
2295.3636363636365
2295.3636363636365
2295.3636363636365
2295.3636363636365
2295.3636363636365
2295.3636363636365
2295.3636363636365
2295.3636363636365
2295.3636363636365
2295.3636363636365
2295.3636363636365
2295.3636363636365
2295.3636363636365
2295.3636363636365
2295.3636363636365
2295.3636363636365
2046.4848484848485
2046.4848484848485
2046.4848484848485
2046.4848484848485
2046.4848484848485
2046.4848484848485
2046.4848484848485
2046.4848484848485
2046.4848484848485
2046.4848484848485
2046.4848484848485
2046.4848484848485
2046.4848484848485
2046.4848484848485
2046.4848484848485
2046.4848484848485
2046.4848484848485
2046.4848484848485
2046.4848484848485
2046.4848484848485
2046.4848484848485
2046.4848484848485
2046.4848484848485
2046.4848484848485
2046.4848484848485
2046.4848484848485
2046.4848484848485
2046.4848484848485
2046.4848484848485
2046.4848484848485
2046.4848484848485
2046.4848484848485
2046.4848484848485
2046.4848484848485
2046.4848484848485
2046.4848484848485
2046.4848484848485
2046.4848484848485
2046.4848484848485
2046.4848484848485
2046.4848484848485
2046.4848484848485
2046.4848484848485
2046.4848484848485
2046.4848484848485
2046.4848484848485
2046.4848484848485
2046.4848484848485
2045.4848484848485
2045.4848484848485
2045.4848484848485
2045.4848484848485
2045.4848484848485
2046.4848484848485
2046.4848484848485
2046.4848484848485
2046.4848484848485
2046.4848484848485
2046.4848484848485
2046.4848484848485
2046.4848484848485
2046.4848484848485
2046.4848484848485
2046.4848484848485
2046.4848484848485
2046.4848484848485
2046.4848484848485
2046.4848484848485
2046.4848484848485
2046.4848484848485
2046.4848484848485
2046.4848484848485
2046.4848484848485
2046.4848484848485
2046.4848484848485
2046.4848484848485
2046.4848484848485
2046.4848484848485
2046.4848484848485
2046.4848484848485
2046.4848484848485
2046.4848484848485
2046.4848484848485
2046.4848484848485
2046.4848484848485
2046.4848484848485
2046.4848484848485
2046.4848484848485
2046.4848484848485
2046.4848484848485
2046.4848484848485
2046.4848484848485
2046.4848484848485
2046.4848484848485
2046.4848484848485
2046.4848484848485
2046.4848484848485
2046.4848484848485
2046.4848484848485
2046.4848484848485
2046.4848484848485
2046.4848484848485
2045.4848484848485
2045.4848484848485
2045.4848484848485
2045.4848484848485
2045.4848484848485
2045.4848484848485
2045.4848484848485
2046.4848484848485
2045.4848484848485
2045.4848484848485
2045.4848484848485
2045.4848484848485
2045.4848484848485
2045.4848484848485
2045.4848484848485
2009.2222222222222
2011.2222222222222
2012.2222222222222
2013.2222222222222
2014.888888888889
2016.2222222222222
2016.5555555555557
2015.2222222222222
2015.5555555555557
2017.2222222222222
2018.888888888889
2021.2222222222222
2022.888888888889
2023.2222222222222
2023.2222222222222
2024.2222222222222
2128.848484848485
2136.4848484848485
2140.656565656566
2143.878787878788
2143.878787878788
2142.282828282828
2142.282828282828
2139.686868686869
2138.060606060606
2138.060606060606
2137.090909090909
2138.060606060606
2138.060606060606
2139.686868686869
2138.060606060606
2136.4848484848485
2128.848484848485
2122.3636363636365
2116.5656565656564
2117.2929292929293
2114.7272727272725
2116.5656565656564
2116.5656565656564
2111.4646464646466
2111.4646464646466
2110.979797979798
2106.030303030303
2106.3939393939395
2110.979797979798
2108.4747474747473
2106.3939393939395
2110.979797979798
2112.191919191919
2116.5656565656564
2119.070707070707
2124.2020202020203
2126.313131313131
2126.7676767676767
2131.4141414141413
2136.4848484848485
2144.878787878788
2150.131313131313
2155.4141414141413
2162.59595959596
2165.979797979798
2165.979797979798
2167.191919191919
2169.878787878788
2172.5050505050503
2175.191919191919
2172.5050505050503
2171.2929292929293
2169.878787878788
2168.6666666666665
2165.979797979798
2162.59595959596
2158.010101010101
2152.757575757576
2147.5050505050503
2145.848484848485
2145.848484848485
2143.282828282828
2146.5050505050503
2153.777777777778
2158.969696969697
2162.3232323232323
2166.191919191919
2174.191919191919
2178.3535353535353
2183.0
2186.4444444444443
2188.313131313131
2189.161616161616
2194.3333333333335
2197.080808080808
2199.7676767676767
2202.5151515151515
2203.808080808081
2202.5151515151515
2199.7676767676767
2195.626262626263
2192.878787878788
2190.6161616161617
2189.161616161616
2186.4444444444443
2186.4444444444443
2187.4444444444443
2187.4444444444443
2186.4444444444443
2186.4444444444443
2186.4444444444443
2186.4444444444443
2190.161616161616
2191.6161616161617
2192.878787878788
2194.626262626263
2197.313131313131
2199.7676767676767
2202.5151515151515
2205.7373737373737
2206.5555555555557
2206.5555555555557
2206.5555555555557
2205.7373737373737
2203.808080808081
2201.060606060606
2199.7676767676767
2199.7676767676767
2197.080808080808
2197.080808080808
2197.080808080808
2197.080808080808
2197.080808080808
2195.626262626263
2192.878787878788
2191.6161616161617
2191.6161616161617
2189.313131313131
2186.626262626263
2181.313131313131
2176.6666666666665
2171.2929292929293
2167.191919191919
2164.5353535353534
2163.3232323232323
2163.3232323232323
2161.59595959596
2159.6666666666665
2161.59595959596
2160.6666666666665
2159.969696969697
2158.010101010101
2158.010101010101
2157.40404040404
2158.010101010101
2157.40404040404
2154.777777777778
2154.777777777778
2154.777777777778
2152.757575757576
2152.757575757576
2152.757575757576
2154.777777777778
2157.40404040404
2157.40404040404
2158.010101010101
2159.969696969697
2158.010101010101
2158.010101010101
2158.010101010101
2157.40404040404
2154.777777777778
2148.4747474747473
2145.848484848485
2144.878787878788
2144.878787878788
2145.848484848485
2150.131313131313
2152.181818181818
2154.777777777778
2155.4141414141413
2154.4141414141413
2154.4141414141413
2156.40404040404
2156.40404040404
2156.5050505050503
2158.010101010101
2159.969696969697
2159.969696969697
2158.969696969697
2158.969696969697
2158.969696969697
2157.010101010101
2158.010101010101
2158.010101010101
2157.40404040404
2154.777777777778
2152.181818181818
2148.4747474747473
2145.848484848485
2144.878787878788
2144.878787878788
2143.282828282828
2143.282828282828
2140.656565656566
2139.656565656566
2138.686868686869
2135.4848484848485
2132.919191919192
2130.4141414141413
2130.4141414141413
2128.3636363636365
2128.848484848485
2131.4141414141413
2133.919191919192
2134.4949494949497
2136.4848484848485
2138.060606060606
2142.313131313131
2143.282828282828
2145.848484848485
2147.5050505050503
2145.848484848485
2145.848484848485
2144.878787878788
2143.282828282828
2143.282828282828
2143.282828282828
2143.282828282828
2144.878787878788
2145.848484848485
2147.5050505050503
2147.5050505050503
2148.4747474747473
2150.131313131313
2152.181818181818
2154.777777777778
2157.40404040404
2159.969696969697
2160.6666666666665
2162.59595959596
2163.3232323232323
2164.5353535353534
2164.5353535353534
2167.191919191919
2169.878787878788
2171.2929292929293
2172.5050505050503
2172.5050505050503
2171.2929292929293
2169.878787878788
2169.878787878788
2168.6666666666665
2168.6666666666665
2167.191919191919
2167.191919191919
2168.6666666666665
2169.878787878788
2171.2929292929293
2173.979797979798
2175.191919191919
2173.979797979798
2171.2929292929293
2168.6666666666665
2165.979797979798
2163.3232323232323
2162.59595959596
2160.6666666666665
2159.969696969697
2158.010101010101
2158.010101010101
2158.010101010101
2158.010101010101
2159.969696969697
2160.6666666666665
2162.59595959596
2164.5353535353534
2164.5353535353534
2165.979797979798
2165.979797979798
2165.979797979798
2164.979797979798
2164.979797979798
2164.979797979798
2165.979797979798
2165.979797979798
2167.191919191919
2169.878787878788
2171.2929292929293
2171.2929292929293
2168.6666666666665
2167.191919191919
2165.979797979798
2163.5353535353534
2163.5353535353534
2163.5353535353534
2164.979797979798
2164.979797979798
2166.191919191919
2166.191919191919
2167.6666666666665
2169.878787878788
2171.2929292929293
2172.5050505050503
2172.5050505050503
2173.979797979798
2173.979797979798
2175.191919191919
2175.191919191919
2175.191919191919
2173.979797979798
2175.191919191919
2175.191919191919
2175.191919191919
2175.191919191919
2175.191919191919
2175.191919191919
2172.5050505050503
2169.878787878788
2167.191919191919
2165.979797979798
2164.5353535353534
2164.5353535353534
2163.3232323232323
2162.59595959596
2164.5353535353534
2164.5353535353534
2165.979797979798
2167.191919191919
2167.191919191919
2167.191919191919
2167.191919191919
2167.191919191919
2167.191919191919
2165.979797979798
2164.5353535353534
2163.3232323232323
2162.59595959596
2162.59595959596
2160.6666666666665
2162.59595959596
2163.3232323232323
2164.5353535353534
2164.5353535353534
2164.5353535353534
2164.5353535353534
2163.3232323232323
2164.5353535353534
2164.5353535353534
2163.3232323232323
2162.59595959596
2162.59595959596
2162.59595959596
2163.3232323232323
2164.5353535353534
2165.979797979798
2168.6666666666665
2169.878787878788
2169.878787878788
2172.5050505050503
2173.979797979798
2173.979797979798
2175.191919191919
2175.191919191919
2175.191919191919
2175.191919191919
2175.191919191919
2175.191919191919
2173.979797979798
2172.5050505050503
2172.5050505050503
2171.2929292929293
2171.2929292929293
2169.878787878788
2169.878787878788
2167.191919191919
2164.5353535353534
2163.3232323232323
2160.6666666666665
2160.6666666666665
2160.6666666666665
2162.59595959596
2164.5353535353534
2168.6666666666665
2172.5050505050503
2178.656565656566
2181.313131313131
2184.0
2184.7272727272725
2186.626262626263
2184.7272727272725
2181.070707070707
2180.313131313131
2178.656565656566
2175.191919191919
2172.5050505050503
2169.878787878788
